0 1448 1448
1 7240 7240
2 14480 13032
3 14480 14480
4 14480 14480
5 14480 14480
6 14480 14480
7 14480 14480
8 14480 14480
9 14480 14480
10 14480 14480
11 14480 14480
12 14480 14480
13 14480 14480
14 14480 14480
15 14480 14480
16 14480 14480
17 14480 14480
18 14480 14480
19 14480 14480
20 14480 14480
21 14480 14480
22 14480 14480
23 14480 14480
24 14480 14480
25 14480 14480
26 14480 14480
27 15928 15928
28 15928 15928
29 15928 15928
30 15928 15928
31 15928 15928
32 15928 15928
33 15928 15928
34 15928 15928
35 15928 15928
36 15928 15928
37 15928 15928
38 15928 15928
39 15928 15928
40 15928 15928
41 15928 15928
42 15928 15928
43 15928 15928
44 15928 15928
45 15928 15928
46 15928 15928
47 15928 15928
48 15928 15928
49 15928 15928
50 15928 15928
51 21720 21720
52 28960 27512
53 34752 33304
54 40544 40544
55 43440 43440
56 43440 43440
57 43440 43440
58 43440 43440
59 43440 44888
60 43440 44888
61 43440 44888
62 43440 44888
63 43440 44888
64 43440 46336
65 43440 47784
66 43440 49232
67 43440 49232
68 43440 50680
69 43440 52128
70 43440 53576
71 43440 55024
72 43440 55024
73 43440 56472
74 43440 57920
75 43440 59368
76 43440 60816
77 43440 60816
78 44888 62264
79 44888 63712
80 44888 65160
81 44888 66608
82 44888 66608
83 44888 68056
84 44888 69504
85 44888 70952
86 44888 72400
87 44888 72400
88 44888 72400
89 44888 72400
90 44888 72400
91 44888 72400
92 44888 72400
93 44888 73848
94 44888 73848
95 44888 73848
96 44888 73848
97 44888 73848
98 44888 73848
99 44888 73848
100 44888 75296
101 52128 81088
102 57920 86880
103 63712 91224
104 69504 98464
105 75296 104256
106 82536 110048
107 88328 115840
108 94120 121632
109 99912 127424
110 101360 133216
111 101360 139008
112 101360 144800
113 101360 152040
114 101360 157832
115 101360 162176
116 101360 166520
117 101360 170864
118 101360 176656
119 101360 181000
120 101360 186792
121 101360 189688
122 101360 194032
123 101360 199824
124 101360 204168
125 101360 208512
126 101360 212856
127 101360 217200
128 101360 222992
129 101360 227336
130 102808 231680
131 102808 236024
132 102808 241816
133 102808 244712
134 102808 250504
135 102808 254848
136 102808 259192
137 102808 263536
138 102808 269328
139 102808 273672
140 102808 278016
141 102808 282360
142 102808 286704
143 102808 292496
144 102808 295392
145 102808 301184
146 102808 304080
147 102808 304080
148 102808 305528
149 102808 305528
150 102808 305528
151 110048 311320
152 115840 315664
153 121632 321456
154 127424 327248
155 133216 334488
156 139008 340280
157 144800 347520
158 152040 353312
159 157832 359104
160 163624 364896
161 169416 370688
162 175208 377928
163 181000 382272
164 186792 388064
165 192584 393856
166 199824 401096
167 205616 406888
168 211408 412680
169 217200 418472
170 217200 422816
171 217200 430056
172 217200 435848
173 217200 443088
174 217200 447432
175 217200 454672
176 217200 459016
177 217200 466256
178 217200 470600
179 217200 477840
180 217200 485080
181 217200 489424
182 217200 495216
183 217200 502456
184 217200 508248
185 218648 514040
186 218648 519832
187 218648 525624
188 218648 529968
189 218648 538656
190 218648 544448
191 218648 548792
192 218648 554584
193 218648 563272
194 218648 566168
195 218648 573408
196 218648 579200
197 218648 586440
198 218648 589336
199 218648 596576
200 218648 605264
201 224440 608160
202 231680 613952
203 237472 621192
204 243264 626984
205 249056 632776
206 254848 640016
207 260640 645808
208 266432 651600
209 272224 657392
210 278016 663184
211 283808 668976
212 291048 674768
213 296840 680560
214 304080 684904
215 309872 693592
216 315664 700832
217 320008 705176
218 325800 710968
219 330144 716760
220 338832 722552
221 344624 728344
222 350416 734136
223 356208 742824
224 362000 747168
225 367792 752960
226 373584 758752
227 380824 764544
228 386616 770336
229 392408 777576
230 398200 783368
231 403992 787712
232 409784 794952
233 417024 800744
234 422816 806536
235 427160 812328
236 432952 818120
237 440192 823912
238 445984 829704
239 448880 835496
240 448880 841288
241 448880 848528
242 448880 854320
243 448880 861560
244 448880 867352
245 450328 873144
246 450328 878936
247 450328 884728
248 450328 890520
249 450328 897760
250 450328 902104
251 456120 907896
252 461912 915136
253 467704 920928
254 474944 926720
255 479288 932512
256 485080 938304
257 492320 944096
258 498112 949888
259 502456 957128
260 511144 961472
261 514040 968712
262 522728 974504
263 525624 980296
264 534312 986088
265 538656 991880
266 545896 999120
267 551688 1004912
268 557480 1010704
269 563272 1016496
270 567616 1023736
271 576304 1029528
272 582096 1033872
273 587888 1039664
274 593680 1046904
275 599472 1052696
276 606712 1059936
277 609608 1065728
278 615400 1071520
279 621192 1075864
280 629880 1083104
281 635672 1088896
282 641464 1094688
283 647256 1100480
284 653048 1106272
285 658840 1110616
286 664632 1119304
287 670424 1125096
288 676216 1130888
289 683456 1138128
290 689248 1142472
291 695040 1148264
292 700832 1155504
293 706624 1159848
294 712416 1167088
295 718208 1172880
296 725448 1177224
297 732688 1185912
298 738480 1190256
299 741376 1196048
300 747168 1201840
301 755856 1207632
302 760200 1213424
303 765992 1219216
304 771784 1226456
305 777576 1230800
306 783368 1238040
307 792056 1243832
308 797848 1251072
309 803640 1255416
310 809432 1262656
311 815224 1267000
312 821016 1274240
313 826808 1280032
314 832600 1285824
315 838392 1291616
316 844184 1298856
317 849976 1303200
318 857216 1310440
319 863008 1316232
320 865904 1322024
321 873144 1329264
322 880384 1333608
323 886176 1339400
324 891968 1345192
325 897760 1350984
326 903552 1356776
327 909344 1362568
328 915136 1368360
329 922376 1377048
330 926720 1382840
331 933960 1388632
332 939752 1392976
333 945544 1400216
334 951336 1406008
335 958576 1411800
336 964368 1416144
337 970160 1421936
338 975952 1427728
339 981744 1434968
340 988984 1440760
341 994776 1446552
342 1000568 1452344
343 1006360 1458136
344 1012152 1465376
345 1017944 1471168
346 1025184 1476960
347 1030976 1482752
348 1033872 1489992
349 1041112 1494336
350 1046904 1501576
351 1052696 1507368
352 1058488 1513160
353 1064280 1518952
354 1070072 1526192
355 1075864 1531984
356 1083104 1539224
357 1088896 1542120
358 1094688 1547912
359 1100480 1555152
360 1107720 1560944
361 1113512 1566736
362 1119304 1573976
363 1125096 1576872
364 1132336 1585560
365 1135232 1589904
366 1143920 1595696
367 1149712 1602936
368 1154056 1608728
369 1161296 1615968
370 1167088 1618864
371 1171432 1627552
372 1180120 1633344
373 1185912 1636240
374 1190256 1643480
375 1196048 1649272
376 1203288 1655064
377 1209080 1662304
378 1214872 1669544
379 1220664 1675336
380 1226456 1681128
381 1232248 1684024
382 1238040 1691264
383 1243832 1697056
384 1249624 1704296
385 1256864 1710088
386 1262656 1715880
387 1268448 1723120
388 1274240 1728912
389 1280032 1734704
390 1285824 1740496
391 1291616 1746288
392 1297408 1753528
393 1304648 1759320
394 1311888 1763664
395 1314784 1770904
396 1323472 1776696
397 1329264 1782488
398 1335056 1786832
399 1340848 1794072
400 1346640 1799864
401 1353880 1805656
402 1359672 1812896
403 1365464 1817240
404 1371256 1824480
405 1377048 1830272
406 1382840 1834616
407 1388632 1841856
408 1392976 1847648
409 1400216 1853440
410 1406008 1859232
411 1411800 1866472
412 1417592 1872264
413 1423384 1878056
414 1429176 1882400
415 1436416 1889640
416 1442208 1895432
417 1449448 1901224
418 1452344 1908464
419 1459584 1912808
420 1465376 1920048
421 1471168 1924392
422 1476960 1931632
423 1482752 1937424
424 1489992 1944664
425 1495784 1949008
426 1501576 1956248
427 1507368 1962040
428 1513160 1966384
429 1518952 1972176
430 1524744 1977968
431 1530536 1985208
432 1537776 1991000
433 1543568 1996792
434 1549360 2004032
435 1556600 2009824
436 1562392 2015616
437 1568184 2019960
438 1572528 2028648
439 1579768 2032992
440 1585560 2038784
441 1591352 2044576
442 1598592 2050368
443 1601488 2056160
444 1610176 2061952
445 1613072 2069192
446 1621760 2074984
447 1627552 2080776
448 1633344 2086568
449 1639136 2093808
450 1646376 2098152
451 1649272 2105392
452 1656512 2111184
453 1663752 2116976
454 1669544 2122768
455 1673888 2128560
456 1679680 2134352
457 1685472 2138696
458 1694160 2147384
459 1699952 2153176
460 1705744 2158968
461 1710088 2164760
462 1715880 2169104
463 1721672 2176344
464 1730360 2182136
465 1736152 2187928
466 1741944 2193720
467 1747736 2199512
468 1753528 2206752
469 1759320 2211096
470 1765112 2218336
471 1770904 2224128
472 1778144 2229920
473 1783936 2237160
474 1789728 2241504
475 1792624 2248744
476 1799864 2254536
477 1805656 2258880
478 1811448 2266120
479 1820136 2273360
480 1825928 2279152
481 1831720 2286392
482 1837512 2289288
483 1843304 2295080
484 1849096 2302320
485 1854888 2306664
486 1860680 2312456
487 1866472 2321144
488 1872264 2326936
489 1878056 2331280
490 1883848 2338520
491 1889640 2344312
492 1895432 2350104
493 1901224 2355896
494 1907016 2363136
495 1915704 2366032
496 1920048 2374720
497 1925840 2380512
498 1931632 2386304
499 1937424 2392096
500 1944664 2397888
501 1950456 2403680
502 1957696 2408024
503 1960592 2415264
504 1967832 2421056
505 1972176 2426848
506 1979416 2432640
507 1985208 2439880
508 1991000 2445672
509 1998240 2451464
510 2004032 2458704
511 2009824 2461600
512 2015616 2467392
513 2019960 2476080
514 2028648 2481872
515 2031544 2487664
516 2038784 2494904
517 2044576 2497800
518 2050368 2506488
519 2059056 2509384
520 2064848 2518072
521 2070640 2520968
522 2073536 2528208
523 2082224 2535448
524 2088016 2539792
525 2095256 2547032
526 2098152 2554272
527 2105392 2560064
528 2111184 2565856
529 2116976 2571648
530 2122768 2577440
531 2128560 2581784
532 2134352 2590472
533 2140144 2593368
534 2147384 2600608
535 2154624 2606400
536 2160416 2613640
537 2166208 2617984
538 2172000 2623776
539 2177792 2632464
540 2183584 2635360
541 2189376 2642600
542 2195168 2648392
543 2200960 2654184
544 2206752 2659976
545 2212544 2665768
546 2219784 2673008
547 2225576 2678800
548 2231368 2686040
549 2237160 2691832
550 2242952 2697624
551 2248744 2700520
552 2254536 2707760
553 2260328 2713552
554 2266120 2720792
555 2271912 2726584
556 2277704 2732376
557 2283496 2738168
558 2290736 2743960
559 2295080 2749752
560 2303768 2755544
561 2309560 2761336
562 2315352 2767128
563 2319696 2772920
564 2325488 2780160
565 2334176 2784504
566 2337072 2793192
567 2342864 2798984
568 2348656 2804776
569 2355896 2810568
570 2361688 2816360
571 2368928 2823600
572 2374720 2826496
573 2380512 2833736
574 2386304 2839528
575 2390648 2845320
576 2397888 2852560
577 2403680 2858352
578 2409472 2861248
579 2416712 2871384
580 2422504 2874280
581 2428296 2882968
582 2435536 2887312
583 2441328 2893104
584 2447120 2898896
585 2452912 2906136
586 2458704 2911928
587 2464496 2916272
588 2471736 2924960
589 2477528 2927856
590 2483320 2935096
591 2487664 2940888
592 2493456 2946680
593 2500696 2952472
594 2503592 2958264
595 2510832 2965504
596 2516624 2972744
597 2522416 2975640
598 2528208 2982880
599 2535448 2988672
600 2541240 2994464
601 2547032 3000256
602 2552824 3006048
603 2558616 3013288
604 2564408 3019080
605 2573096 3024872
606 2575992 3030664
607 2583232 3037904
608 2589024 3043696
609 2596264 3049488
610 2602056 3055280
611 2606400 3059624
612 2612192 3065416
613 2620880 3071208
614 2626672 3078448
615 2632464 3084240
616 2638256 3090032
617 2644048 3095824
618 2649840 3101616
619 2655632 3107408
620 2661424 3114648
621 2665768 3120440
622 2673008 3127680
623 2680248 3132024
624 2686040 3137816
625 2691832 3145056
626 2697624 3152296
627 2701968 3155192
628 2709208 3163880
629 2716448 3169672
630 2720792 3175464
631 2726584 3181256
632 2732376 3187048
633 2739616 3194288
634 2745408 3198632
635 2752648 3204424
636 2755544 3210216
637 2762784 3216008
638 2768576 3221800
639 2774368 3229040
640 2781608 3231936
641 2787400 3239176
642 2791744 3247864
643 2800432 3250760
644 2806224 3256552
645 2812016 3265240
646 2817808 3271032
647 2823600 3278272
648 2829392 3281168
649 2833736 3288408
650 2840976 3295648
651 2848216 3298544
652 2851112 3305784
653 2858352 3311576
654 2864144 3317368
655 2869936 3324608
656 2875728 3328952
657 2881520 3334744
658 2888760 3343432
659 2893104 3346328
660 2900344 3352120
661 2907584 3360808
662 2910480 3366600
663 2916272 3372392
664 2923512 3379632
665 2929304 3382528
666 2936544 3389768
667 2942336 3395560
668 2948128 3401352
669 2953920 3407144
670 2959712 3412936
671 2966952 3420176
672 2972744 3424520
673 2979984 3430312
674 2982880 3437552
675 2991568 3444792
676 2994464 3450584
677 3001704 3456376
678 3008944 3462168
679 3014736 3467960
680 3020528 3472304
681 3027768 3480992
682 3033560 3486784
683 3039352 3492576
684 3042248 3495472
685 3049488 3502712
686 3056728 3508504
687 3062520 3514296
688 3068312 3520088
689 3072656 3525880
690 3081344 3533120
691 3087136 3538912
692 3092928 3544704
693 3098720 3550496
694 3104512 3556288
695 3110304 3562080
696 3116096 3567872
697 3121888 3573664
698 3129128 3579456
699 3132024 3586696
700 3140712 3591040
701 3143608 3598280
702 3152296 3604072
703 3158088 3611312
704 3163880 3617104
705 3169672 3624344
706 3175464 3630136
707 3181256 3635928
708 3188496 3640272
709 3194288 3647512
710 3200080 3653304
711 3205872 3656200
712 3211664 3666336
713 3216008 3672128
714 3221800 3675024
715 3229040 3682264
716 3234832 3688056
717 3240624 3693848
718 3247864 3699640
719 3253656 3708328
720 3259448 3711224
721 3265240 3717016
722 3269584 3722808
723 3276824 3730048
724 3282616 3735840
725 3288408 3741632
726 3294200 3747424
727 3299992 3754664
728 3307232 3761904
729 3313024 3767696
730 3318816 3770592
731 3326056 3777832
732 3328952 3783624
733 3337640 3790864
734 3343432 3796656
735 3347776 3802448
736 3353568 3808240
737 3362256 3814032
738 3368048 3821272
739 3373840 3828512
740 3376736 3831408
741 3383976 3837200
742 3389768 3842992
743 3395560 3850232
744 3402800 3857472
745 3408592 3863264
746 3412936 3869056
747 3420176 3874848
748 3427416 3879192
749 3430312 3884984
750 3437552 3892224
751 3443344 3898016
752 3450584 3903808
753 3456376 3909600
754 3462168 3915392
755 3467960 3921184
756 3473752 3926976
757 3479544 3932768
758 3485336 3938560
759 3491128 3947248
760 3496920 3953040
761 3505608 3957384
762 3508504 3963176
763 3514296 3968968
764 3521536 3976208
765 3527328 3982000
766 3533120 3986344
767 3541808 3995032
768 3544704 3999376
769 3551944 4005168
770 3557736 4012408
771 3563528 4018200
772 3570768 4023992
773 3576560 4029784
774 3580904 4035576
775 3586696 4041368
776 3593936 4047160
777 3599728 4054400
778 3605520 4060192
779 3611312 4065984
780 3618552 4071776
781 3624344 4079016
782 3630136 4081912
783 3635928 4089152
784 3643168 4096392
785 3648960 4102184
786 3654752 4107976
787 3657648 4113768
788 3663440 4119560
789 3670680 4125352
790 3676472 4131144
791 3683712 4136936
792 3689504 4142728
793 3695296 4148520
794 3701088 4152864
795 3706880 4160104
796 3712672 4165896
797 3718464 4171688
798 3724256 4178928
799 3731496 4183272
800 3738736 4189064
801 3744528 4194856
802 3750320 4203544
803 3754664 4209336
804 3760456 4215128
805 3767696 4220920
806 3770592 4228160
807 3777832 4232504
808 3785072 4238296
809 3790864 4244088
810 3796656 4251328
811 3802448 4257120
812 3808240 4262912
813 3814032 4268704
814 3821272 4274496
815 3827064 4280288
816 3832856 4286080
817 3838648 4291872
818 3844440 4297664
819 3850232 4304904
820 3857472 4307800
821 3863264 4315040
822 3869056 4322280
823 3876296 4328072
824 3882088 4335312
825 3887880 4341104
826 3893672 4346896
827 3899464 4352688
828 3905256 4358480
829 3912496 4364272
830 3916840 4370064
831 3922632 4375856
832 3928424 4381648
833 3935664 4387440
834 3940008 4394680
835 3945800 4399024
836 3951592 4404816
837 3957384 4410608
838 3963176 4417848
839 3971864 4423640
840 3977656 4429432
841 3983448 4436672
842 3989240 4443912
843 3995032 4446808
844 3999376 4452600
845 4005168 4461288
846 4012408 4465632
847 4018200 4472872
848 4023992 4475768
849 4029784 4484456
850 4034128 4490248
851 4042816 4496040
852 4048608 4501832
853 4054400 4509072
854 4060192 4514864
855 4065984 4520656
856 4071776 4526448
857 4077568 4530792
858 4083360 4538032
859 4089152 4543824
860 4094944 4551064
861 4102184 4553960
862 4109424 4561200
863 4115216 4565544
864 4121008 4574232
865 4126800 4578576
866 4132592 4584368
867 4138384 4590160
868 4144176 4595952
869 4147072 4603192
870 4157208 4608984
871 4163000 4614776
872 4168792 4620568
873 4174584 4626360
874 4180376 4633600
875 4183272 4637944
876 4190512 4645184
877 4197752 4650976
878 4202096 4656768
879 4207888 4662560
880 4216576 4669800
881 4223816 4674144
882 4226712 4679936
883 4232504 4685728
884 4238296 4691520
885 4245536 4698760
886 4251328 4704552
887 4258568 4710344
888 4264360 4716136
889 4268704 4721928
890 4275944 4727720
891 4283184 4733512
892 4286080 4740752
893 4291872 4747992
894 4300560 4750888
895 4303456 4758128
896 4310696 4763920
897 4316488 4771160
898 4322280 4776952
899 4329520 4782744
900 4335312 4788536
901 4339656 4794328
902 4348344 4798672
903 4352688 4805912
904 4358480 4811704
905 4364272 4817496
906 4370064 4823288
907 4377304 4830528
908 4381648 4836320
909 4387440 4843560
910 4394680 4849352
911 4400472 4855144
912 4406264 4858040
913 4412056 4865280
914 4417848 4871072
915 4425088 4876864
916 4430880 4882656
917 4436672 4888448
918 4442464 4895688
919 4446808 4901480
920 4455496 4907272
921 4458392 4913064
922 4465632 4918856
923 4472872 4926096
924 4478664 4930440
925 4484456 4939128
926 4490248 4944920
927 4496040 4949264
928 4501832 4956504
929 4507624 4962296
930 4513416 4968088
931 4520656 4973880
932 4523552 4979672
933 4533688 4985464
934 4536584 4991256
935 4545272 4997048
936 4551064 5004288
937 4555408 5010080
938 4562648 5017320
939 4569888 5023112
940 4572784 5026008
941 4580024 5033248
942 4585816 5040488
943 4591608 5046280
944 4598848 5052072
945 4604640 5057864
946 4610432 5063656
947 4616224 5069448
948 4623464 5073792
949 4627808 5079584
950 4633600 5088272
951 4639392 5094064
952 4645184 5099856
953 4650976 5105648
954 4656768 5111440
955 4662560 5115784
956 4668352 5121576
957 4677040 5127368
958 4679936 5136056
959 4688624 5141848
960 4694416 5147640
961 4700208 5153432
962 4706000 5159224
963 4711792 5166464
964 4717584 5172256
965 4723376 5178048
966 4727720 5183840
967 4736408 5189632
968 4743648 5192528
969 4746544 5199768
970 4753784 5205560
971 4758128 5212800
972 4765368 5220040
973 4772608 5225832
974 4778400 5231624
975 4784192 5237416
976 4788536 5243208
977 4795776 5249000
978 4801568 5256240
979 4807360 5262032
980 4813152 5264928
981 4818944 5270720
982 4824736 5277960
983 4830528 5285200
984 4836320 5290992
985 4842112 5296784
986 4847904 5304024
987 4855144 5306920
988 4860936 5312712
989 4866728 5319952
990 4872520 5325744
991 4878312 5331536
992 4885552 5337328
993 4891344 5343120
994 4897136 5348912
995 4902928 5356152
996 4908720 5361944
997 4914512 5367736
998 4918856 5373528
999 4926096 5380768
1000 4931888 5386560
1001 4937680 5390904
1002 4943472 5396696
1003 4950712 5403936
1004 4955056 5409728
1005 4963744 5415520
1006 4969536 5421312
1007 4975328 5428552
1008 4981120 5431448
1009 4986912 5438688
1010 4994152 5447376
1011 4999944 5450272
1012 5005736 5457512
1013 5008632 5463304
1014 5015872 5469096
1015 5023112 5474888
1016 5030352 5480680
1017 5033248 5489368
1018 5039040 5493712
1019 5047728 5500952
1020 5053520 5503848
1021 5059312 5512536
1022 5065104 5518328
1023 5070896 5524120
1024 5076688 5529912
1025 5082480 5537152
1026 5088272 5540048
1027 5095512 5547288
1028 5099856 5553080
1029 5107096 5558872
1030 5112888 5566112
1031 5118680 5570456
1032 5124472 5576248
1033 5130264 5582040
1034 5133160 5589280
1035 5141848 5596520
1036 5149088 5602312
1037 5154880 5608104
1038 5160672 5613896
1039 5166464 5619688
1040 5172256 5625480
1041 5175152 5631272
1042 5185288 5637064
1043 5188184 5644304
1044 5193976 5650096
1045 5202664 5657336
1046 5208456 5660232
1047 5214248 5667472
1048 5220040 5673264
1049 5225832 5679056
1050 5231624 5684848
1051 5237416 5690640
1052 5243208 5696432
1053 5249000 5702224
1054 5254792 5708016
1055 5260584 5713808
1056 5266376 5719600
1057 5272168 5728288
1058 5279408 5731184
1059 5285200 5739872
1060 5292440 5742768
1061 5298232 5750008
1062 5302576 5755800
1063 5308368 5761592
1064 5314160 5767384
1065 5322848 5776072
1066 5328640 5778968
1067 5331536 5787656
1068 5340224 5792000
1069 5343120 5797792
1070 5348912 5805032
1071 5356152 5810824
1072 5361944 5816616
1073 5369184 5822408
1074 5374976 5828200
1075 5380768 5833992
1076 5386560 5841232
1077 5392352 5844128
1078 5398144 5851368
1079 5403936 5860056
1080 5412624 5865848
1081 5415520 5870192
1082 5424208 5874536
1083 5430000 5883224
1084 5435792 5886120
1085 5440136 5893360
1086 5445928 5899152
1087 5451720 5906392
1088 5458960 5912184
1089 5464752 5917976
1090 5470544 5923768
1091 5477784 5929560
1092 5483576 5935352
1093 5489368 5941144
1094 5495160 5948384
1095 5500952 5954176
1096 5506744 5959968
1097 5513984 5965760
1098 5516880 5973000
1099 5524120 5975896
1100 5529912 5984584
1101 5535704 5991824
1102 5542944 5994720
1103 5550184 6003408
1104 5553080 6007752
1105 5561768 6013544
1106 5567560 6020784
1107 5570456 6026576
1108 5579144 6032368
1109 5584936 6038160
1110 5589280 6045400
1111 5595072 6051192
1112 5603760 6054088
1113 5609552 6062776
1114 5615344 6065672
1115 5618240 6072912
1116 5624032 6080152
1117 5631272 6083048
1118 5637064 6090288
1119 5644304 6098976
1120 5648648 6104768
1121 5657336 6109112
1122 5663128 6114904
1123 5666024 6120696
1124 5674712 6126488
1125 5680504 6132280
1126 5686296 6138072
1127 5689192 6143864
1128 5699328 6149656
1129 5705120 6155448
1130 5709464 6164136
1131 5715256 6169928
1132 5722496 6175720
1133 5728288 6181512
1134 5734080 6188752
1135 5738424 6191648
1136 5745664 6197440
1137 5750008 6204680
1138 5758696 6210472
1139 5765936 6216264
1140 5768832 6223504
1141 5774624 6229296
1142 5780416 6235088
1143 5787656 6240880
1144 5794896 6248120
1145 5800688 6253912
1146 5806480 6259704
1147 5812272 6266944
1148 5816616 6269840
1149 5822408 6275632
1150 5828200 6281424
1151 5833992 6288664
1152 5842680 6294456
1153 5845576 6300248
1154 5852816 6306040
1155 5858608 6311832
1156 5865848 6317624
1157 5871640 6324864
1158 5877432 6332104
1159 5883224 6335000
1160 5887568 6340792
1161 5896256 6348032
1162 5902048 6353824
1163 5907840 6359616
1164 5913632 6365408
1165 5919424 6372648
1166 5925216 6378440
1167 5931008 6384232
1168 5936800 6391472
1169 5942592 6397264
1170 5948384 6403056
1171 5954176 6408848
1172 5961416 6414640
1173 5967208 6420432
1174 5973000 6424776
1175 5978792 6433464
1176 5984584 6439256
1177 5990376 6443600
1178 5996168 6449392
1179 6001960 6456632
1180 6007752 6459528
1181 6013544 6468216
1182 6019336 6475456
1183 6028024 6478352
1184 6032368 6487040
1185 6038160 6492832
1186 6043952 6498624
1187 6049744 6504416
1188 6055536 6508760
1189 6062776 6514552
1190 6068568 6523240
1191 6074360 6529032
1192 6080152 6531928
1193 6084496 6539168
1194 6091736 6544960
1195 6097528 6552200
1196 6103320 6557992
1197 6109112 6563784
1198 6116352 6569576
1199 6123592 6575368
1200 6127936 6581160
1201 6133728 6586952
1202 6140968 6592744
1203 6146760 6599984
1204 6152552 6602880
1205 6158344 6610120
1206 6164136 6617360
1207 6169928 6623152
1208 6175720 6628944
1209 6181512 6634736
1210 6188752 6640528
1211 6194544 6646320
1212 6198888 6652112
1213 6204680 6660800
1214 6213368 6665144
1215 6216264 6670936
1216 6223504 6676728
1217 6230744 6682520
1218 6236536 6688312
1219 6242328 6694104
1220 6248120 6699896
1221 6253912 6708584
1222 6259704 6711480
1223 6266944 6718720
1224 6272736 6724512
1225 6278528 6730304
1226 6284320 6736096
1227 6288664 6741888
1228 6294456 6747680
1229 6303144 6753472
1230 6308936 6760712
1231 6314728 6766504
1232 6320520 6772296
1233 6326312 6778088
1234 6330656 6783880
1235 6337896 6789672
1236 6343688 6796912
1237 6349480 6804152
1238 6355272 6809944
1239 6361064 6812840
1240 6368304 6820080
1241 6371200 6825872
1242 6378440 6831664
1243 6384232 6838904
1244 6391472 6844696
1245 6397264 6850488
1246 6403056 6856280
1247 6410296 6862072
1248 6413192 6867864
1249 6420432 6873656
1250 6426224 6880896
1251 6433464 6886688
1252 6439256 6891032
1253 6445048 6899720
1254 6450840 6905512
1255 6456632 6911304
1256 6460976 6914200
1257 6469664 6921440
1258 6476904 6927232
1259 6479800 6934472
1260 6487040 6940264
1261 6492832 6946056
1262 6498624 6951848
1263 6504416 6957640
1264 6510208 6964880
1265 6516000 6969224
1266 6521792 6975016
1267 6529032 6980808
1268 6533376 6986600
1269 6539168 6993840
1270 6547856 7001080
1271 6553648 7006872
1272 6559440 7012664
1273 6565232 7018456
1274 6571024 7021352
1275 6576816 7028592
1276 6582608 7037280
1277 6588400 7040176
1278 6594192 7048864
1279 6599984 7053208
1280 6605776 7059000
1281 6611568 7066240
1282 6617360 7072032
1283 6624600 7077824
1284 6630392 7083616
1285 6636184 7089408
1286 6641976 7095200
1287 6649216 7100992
1288 6652112 7106784
1289 6659352 7114024
1290 6666592 7121264
1291 6670936 7124160
1292 6676728 7129952
1293 6683968 7138640
1294 6689760 7142984
1295 6697000 7148776
1296 6702792 7154568
1297 6708584 7160360
1298 6714376 7167600
1299 6720168 7173392
1300 6725960 7179184
1301 6731752 7184976
1302 6737544 7190768
1303 6743336 7198008
1304 6750576 7202352
1305 6756368 7208144
1306 6762160 7213936
1307 6769400 7219728
1308 6772296 7226968
1309 6779536 7232760
1310 6785328 7240000
1311 6791120 7245792
1312 6796912 7248688
1313 6802704 7255928
1314 6811392 7261720
1315 6817184 7268960
1316 6820080 7274752
1317 6825872 7280544
1318 6833112 7286336
1319 6840352 7292128
1320 6844696 7299368
1321 6850488 7305160
1322 6857728 7310952
1323 6863520 7316744
1324 6869312 7323984
1325 6875104 7326880
1326 6880896 7334120
1327 6886688 7341360
1328 6893928 7347152
1329 6899720 7351496
1330 6905512 7360184
1331 6911304 7363080
1332 6917096 7368872
1333 6922888 7376112
1334 6928680 7383352
1335 6934472 7386248
1336 6940264 7393488
1337 6947504 7399280
1338 6953296 7407968
1339 6959088 7412312
1340 6964880 7418104
1341 6970672 7423896
1342 6976464 7429688
1343 6982256 7436928
1344 6988048 7442720
1345 6993840 7448512
1346 6999632 7455752
1347 7006872 7458648
1348 7014112 7465888
1349 7018456 7471680
1350 7024248 7477472
1351 7030040 7483264
1352 7035832 7489056
1353 7043072 7496296
1354 7048864 7502088
1355 7054656 7507880
1356 7060448 7512224
1357 7067688 7519464
1358 7073480 7525256
1359 7079272 7532496
1360 7085064 7538288
1361 7089408 7544080
1362 7095200 7549872
1363 7100992 7555664
1364 7108232 7561456
1365 7115472 7567248
1366 7121264 7573040
1367 7127056 7578832
1368 7132848 7586072
1369 7138640 7593312
1370 7144432 7599104
1371 7148776 7602000
1372 7157464 7609240
1373 7161808 7615032
1374 7169048 7620824
1375 7171944 7626616
1376 7179184 7632408
1377 7187872 7639648
1378 7192216 7645440
1379 7198008 7651232
1380 7203800 7657024
1381 7209592 7662816
1382 7215384 7668608
1383 7222624 7675848
1384 7228416 7680192
1385 7235656 7687432
1386 7238552 7693224
1387 7245792 7699016
1388 7251584 7704808
1389 7257376 7710600
1390 7264616 7716392
1391 7267512 7723632
1392 7274752 7729424
1393 7280544 7736664
1394 7287784 7742456
1395 7293576 7748248
1396 7299368 7752592
1397 7305160 7758384
1398 7310952 7764176
1399 7316744 7769968
1400 7322536 7778656
1401 7329776 7784448
1402 7335568 7788792
1403 7342808 7796032
1404 7348600 7798928
1405 7351496 7804720
1406 7358736 7811960
1407 7364528 7817752
1408 7371768 7823544
1409 7377560 7829336
1410 7383352 7835128
1411 7389144 7842368
1412 7394936 7848160
1413 7400728 7853952
1414 7407968 7861192
1415 7413760 7866984
1416 7419552 7872776
1417 7425344 7880016
1418 7431136 7885808
1419 7435480 7891600
1420 7444168 7894496
1421 7447064 7901736
1422 7455752 7908976
1423 7461544 7914768
1424 7467336 7920560
1425 7473128 7926352
1426 7478920 7933592
1427 7484712 7936488
1428 7490504 7943728
1429 7496296 7949520
1430 7502088 7955312
1431 7507880 7962552
1432 7513672 7969792
1433 7520912 7972688
1434 7526704 7978480
1435 7531048 7987168
1436 7539736 7992960
1437 7542632 7998752
1438 7549872 8001648
1439 7555664 8008888
1440 7562904 8014680
1441 7568696 8020472
1442 7575936 8027712
1443 7578832 8033504
1444 7584624 8039296
1445 7591864 8046536
1446 7597656 8052328
1447 7603448 8058120
1448 7609240 8065360
1449 7615032 8069704
1450 7623720 8075496
1451 7626616 8081288
1452 7633856 8088528
1453 7641096 8094320
1454 7643992 8098664
1455 7651232 8104456
1456 7657024 8111696
1457 7664264 8117488
1458 7670056 8121832
1459 7675848 8129072
1460 7683088 8134864
1461 7688880 8142104
1462 7694672 8147896
1463 7700464 8153688
1464 7707704 8159480
1465 7710600 8166720
1466 7716392 8172512
1467 7725080 8178304
1468 7730872 8184096
1469 7736664 8189888
1470 7741008 8194232
1471 7748248 8200024
1472 7754040 8208712
1473 7761280 8213056
1474 7767072 8218848
1475 7772864 8224640
1476 7778656 8230432
1477 7781552 8236224
1478 7788792 8242016
1479 7794584 8249256
1480 7803272 8255048
1481 7807616 8260840
1482 7814856 8268080
1483 7820648 8273872
1484 7826440 8278216
1485 7832232 8284008
1486 7836576 8289800
1487 7845264 8295592
1488 7848160 8301384
1489 7853952 8310072
1490 7861192 8312968
1491 7866984 8321656
1492 7872776 8327448
1493 7880016 8331792
1494 7885808 8337584
1495 7891600 8344824
1496 7897392 8350616
1497 7904632 8356408
1498 7910424 8362200
1499 7916216 8369440
1500 7923456 8375232
1501 7926352 8378128
1502 7932144 8385368
1503 7940832 8394056
1504 7946624 8396952
1505 7950968 8405640
1506 7958208 8411432
1507 7961104 8418672
1508 7969792 8421568
1509 7975584 8428808
1510 7981376 8434600
1511 7988616 8438944
1512 7991512 8446184
1513 8000200 8451976
1514 8004544 8457768
1515 8010336 8463560
1516 8016128 8470800
1517 8021920 8475144
1518 8027712 8480936
1519 8034952 8488176
1520 8039296 8493968
1521 8047984 8499760
1522 8053776 8507000
1523 8059568 8512792
1524 8065360 8518584
1525 8071152 8524376
1526 8076944 8531616
1527 8082736 8535960
1528 8088528 8543200
1529 8094320 8546096
1530 8100112 8553336
1531 8107352 8559128
1532 8111696 8564920
1533 8117488 8570712
1534 8123280 8576504
1535 8129072 8585192
1536 8137760 8588088
1537 8142104 8593880
1538 8149344 8601120
1539 8155136 8608360
1540 8159480 8614152
1541 8166720 8621392
1542 8171064 8627184
1543 8179752 8630080
1544 8185544 8637320
1545 8191336 8644560
1546 8194232 8648904
1547 8201472 8654696
1548 8207264 8661936
1549 8214504 8667728
1550 8220296 8673520
1551 8224640 8679312
1552 8230432 8685104
1553 8237672 8692344
1554 8244912 8698136
1555 8250704 8703928
1556 8256496 8709720
1557 8262288 8714064
1558 8269528 8722752
1559 8275320 8728544
1560 8278216 8731440
1561 8285456 8738680
1562 8291248 8745920
1563 8297040 8753160
1564 8302832 8756056
1565 8310072 8764744
1566 8315864 8767640
1567 8321656 8774880
1568 8327448 8782120
1569 8333240 8787912
1570 8339032 8793704
1571 8344824 8799496
1572 8350616 8805288
1573 8359304 8812528
1574 8362200 8818320
1575 8367992 8822664
1576 8376680 8828456
1577 8379576 8834248
1578 8388264 8840040
1579 8392608 8847280
1580 8398400 8853072
1581 8404192 8860312
1582 8411432 8863208
1583 8417224 8869000
1584 8421568 8877688
1585 8430256 8883480
1586 8433152 8887824
1587 8441840 8893616
1588 8447632 8899408
1589 8451976 8908096
1590 8457768 8910992
1591 8465008 8918232
1592 8472248 8925472
1593 8475144 8931264
1594 8482384 8937056
1595 8489624 8942848
1596 8493968 8947192
1597 8499760 8952984
1598 8507000 8961672
1599 8511344 8964568
1600 8520032 8971808
1601 8525824 8977600
1602 8531616 8984840
1603 8534512 8992080
1604 8541752 8994976
1605 8548992 9002216
1606 8553336 9008008
1607 8562024 9015248
1608 8566368 9019592
1609 8572160 9025384
1610 8577952 9031176
1611 8585192 9036968
1612 8590984 9044208
1613 8598224 9050000
1614 8604016 9055792
1615 8606912 9061584
1616 8614152 9068824
1617 8619944 9076064
1618 8627184 9080408
1619 8630080 9087648
1620 8640216 9090544
1621 8646008 9096336
1622 8651800 9105024
1623 8654696 9110816
1624 8661936 9116608
1625 8667728 9119504
1626 8673520 9126744
1627 8679312 9133984
1628 8685104 9139776
1629 8692344 9145568
1630 8699584 9151360
1631 8705376 9157152
1632 8711168 9164392
1633 8716960 9170184
1634 8722752 9175976
1635 8727096 9181768
1636 8732888 9186112
1637 8738680 9193352
1638 8744472 9200592
1639 8753160 9206384
1640 8758952 9212176
1641 8764744 9215072
1642 8770536 9222312
1643 8776328 9228104
1644 8782120 9233896
1645 8789360 9239688
1646 8792256 9246928
1647 8800944 9254168
1648 8805288 9258512
1649 8811080 9264304
1650 8816872 9270096
1651 8822664 9275888
1652 8831352 9283128
1653 8835696 9287472
1654 8842936 9294712
1655 8848728 9301952
1656 8854520 9307744
1657 8860312 9313536
1658 8866104 9319328
1659 8871896 9325120
1660 8879136 9330912
1661 8882032 9338152
1662 8889272 9343944
1663 8893616 9349736
1664 8900856 9355528
1665 8908096 9361320
1666 8913888 9364216
1667 8919680 9374352
1668 8924024 9377248
1669 8932712 9384488
1670 8937056 9388832
1671 8942848 9397520
1672 8948640 9403312
1673 8954432 9409104
1674 8963120 9416344
1675 8966016 9419240
1676 8971808 9427928
1677 8977600 9432272
1678 8986288 9439512
1679 8992080 9442408
1680 8999320 9449648
1681 9002216 9455440
1682 9009456 9461232
1683 9015248 9468472
1684 9021040 9475712
1685 9026832 9478608
1686 9032624 9485848
1687 9039864 9493088
1688 9044208 9497432
1689 9051448 9503224
1690 9058688 9510464
1691 9064480 9517704
1692 9067376 9523496
1693 9073168 9526392
1694 9078960 9533632
1695 9084752 9539424
1696 9091992 9545216
1697 9099232 9551008
1698 9105024 9556800
1699 9110816 9565488
1700 9113712 9569832
1701 9120952 9575624
1702 9128192 9582864
1703 9133984 9590104
1704 9141224 9593000
1705 9145568 9600240
1706 9151360 9606032
1707 9157152 9611824
1708 9164392 9619064
1709 9168736 9621960
1710 9177424 9629200
1711 9180320 9634992
1712 9187560 9642232
1713 9193352 9645128
1714 9199144 9652368
1715 9206384 9661056
1716 9212176 9663952
1717 9219416 9672640
1718 9223760 9678432
1719 9231000 9684224
1720 9236792 9690016
1721 9242584 9695808
1722 9248376 9701600
1723 9254168 9707392
1724 9261408 9713184
1725 9264304 9718976
1726 9271544 9724768
1727 9277336 9730560
1728 9284576 9737800
1729 9287472 9743592
1730 9294712 9750832
1731 9300504 9753728
1732 9307744 9760968
1733 9313536 9766760
1734 9319328 9772552
1735 9325120 9779792
1736 9330912 9787032
1737 9336704 9789928
1738 9342496 9795720
1739 9349736 9804408
1740 9356976 9808752
1741 9359872 9814544
1742 9367112 9820336
1743 9372904 9826128
1744 9378696 9833368
1745 9384488 9839160
1746 9391728 9844952
1747 9397520 9850744
1748 9403312 9856536
1749 9409104 9862328
1750 9414896 9868120
1751 9420688 9873912
1752 9426480 9879704
1753 9433720 9885496
1754 9439512 9891288
1755 9445304 9898528
1756 9451096 9904320
1757 9456888 9910112
1758 9462680 9915904
1759 9468472 9923144
1760 9474264 9928936
1761 9481504 9936176
1762 9487296 9941968
1763 9493088 9947760
1764 9498880 9952104
1765 9504672 9959344
1766 9510464 9965136
1767 9517704 9970928
1768 9523496 9975272
1769 9530736 9983960
1770 9533632 9989752
1771 9540872 9992648
1772 9546664 9999888
1773 9553904 10007128
1774 9559696 10012920
1775 9562592 10020160
1776 9571280 10024504
1777 9577072 10030296
1778 9582864 10036088
1779 9588656 10043328
1780 9595896 10049120
1781 9601688 10053464
1782 9607480 10059256
1783 9613272 10063600
1784 9619064 10073736
1785 9624856 10079528
1786 9632096 10083872
1787 9634992 10091112
1788 9642232 10098352
1789 9648024 10101248
1790 9653816 10108488
1791 9659608 10114280
1792 9668296 10120072
1793 9674088 10125864
1794 9676984 10131656
1795 9684224 10137448
1796 9690016 10143240
1797 9697256 10149032
1798 9703048 10154824
1799 9708840 10163512
1800 9714632 10166408
1801 9720424 10175096
1802 9727664 10180888
1803 9733456 10183784
1804 9739248 10191024
1805 9745040 10196816
1806 9750832 10202608
1807 9755176 10208400
1808 9762416 10217088
1809 9768208 10219984
1810 9774000 10228672
1811 9779792 10234464
1812 9785584 10241704
1813 9791376 10244600
1814 9797168 10250392
1815 9802960 10256184
1816 9808752 10263424
1817 9815992 10269216
1818 9821784 10275008
1819 9829024 10280800
1820 9834816 10286592
1821 9840608 10292384
1822 9846400 10298176
1823 9852192 10306864
1824 9857984 10309760
1825 9863776 10317000
1826 9871016 10322792
1827 9876808 10328584
1828 9882600 10334376
1829 9888392 10340168
1830 9891288 10347408
1831 9898528 10351752
1832 9904320 10357544
1833 9911560 10366232
1834 9917352 10369128
1835 9923144 10377816
1836 9928936 10383608
1837 9934728 10389400
1838 9943416 10395192
1839 9946312 10402432
1840 9953552 10405328
1841 9957896 10414016
1842 9963688 10416912
1843 9970928 10425600
1844 9976720 10429944
1845 9982512 10435736
1846 9988304 10442976
1847 9994096 10448768
1848 10001336 10454560
1849 10007128 10461800
1850 10012920 10466144
1851 10017264 10471936
1852 10024504 10479176
1853 10031744 10484968
1854 10036088 10489312
1855 10043328 10496552
1856 10050568 10502344
1857 10056360 10508136
1858 10060704 10513928
1859 10067944 10519720
1860 10073736 10525512
1861 10079528 10531304
1862 10085320 10538544
1863 10091112 10544336
1864 10096904 10550128
1865 10102696 10555920
1866 10108488 10560264
1867 10114280 10568952
1868 10120072 10574744
1869 10127312 10580536
1870 10133104 10586328
1871 10138896 10592120
1872 10144688 10597912
1873 10150480 10603704
1874 10156272 10609496
1875 10162064 10616736
1876 10169304 10622528
1877 10175096 10628320
1878 10182336 10632664
1879 10188128 10641352
1880 10193920 10644248
1881 10199712 10652936
1882 10205504 10658728
1883 10212744 10664520
1884 10215640 10668864
1885 10221432 10674656
1886 10228672 10680448
1887 10233016 10689136
1888 10241704 10692032
1889 10246048 10699272
1890 10253288 10706512
1891 10259080 10712304
1892 10263424 10718096
1893 10269216 10723888
1894 10275008 10729680
1895 10283696 10735472
1896 10286592 10742712
1897 10293832 10748504
1898 10299624 10754296
1899 10306864 10760088
1900 10312656 10764432
1901 10318448 10773120
1902 10324240 10778912
1903 10330032 10781808
1904 10332928 10790496
1905 10341616 10796288
1906 10348856 10802080
1907 10351752 10806424
1908 10358992 10812216
1909 10366232 10818008
1910 10372024 10825248
1911 10377816 10831040
1912 10385056 10836832
1913 10390848 10842624
1914 10398088 10848416
1915 10400984 10852760
1916 10408224 10860000
1917 10414016 10867240
1918 10419808 10873032
1919 10425600 10880272
1920 10431392 10886064
1921 10437184 10891856
1922 10442976 10897648
1923 10448768 10903440
1924 10456008 10907784
1925 10461800 10913576
1926 10467592 10922264
1927 10473384 10925160
1928 10479176 10932400
1929 10486416 10938192
1930 10489312 10943984
1931 10496552 10949776
1932 10503792 10955568
1933 10509584 10962808
1934 10515376 10967152
1935 10521168 10975840
1936 10526960 10981632
1937 10532752 10984528
1938 10537096 10991768
1939 10544336 10999008
1940 10551576 11004800
1941 10558816 11010592
1942 10561712 11016384
1943 10568952 11022176
1944 10574744 11027968
1945 10581984 11033760
1946 10587776 11041000
1947 10593568 11046792
1948 10599360 11051136
1949 10605152 11056928
1950 10609496 11064168
1951 10618184 11068512
1952 10623976 11077200
1953 10629768 11081544
1954 10635560 11087336
1955 10641352 11093128
1956 10645696 11098920
1957 10654384 11106160
1958 10658728 11113400
1959 10664520 11119192
1960 10671760 11124984
1961 10677552 11130776
1962 10683344 11136568
1963 10686240 11142360
1964 10694928 11148152
1965 10700720 11153944
1966 10706512 11159736
1967 10712304 11165528
1968 10718096 11171320
1969 10723888 11178560
1970 10729680 11184352
1971 10735472 11190144
1972 10741264 11195936
1973 10748504 11201728
1974 10752848 11208968
1975 10761536 11213312
1976 10767328 11220552
1977 10773120 11224896
1978 10778912 11230688
1979 10784704 11236480
1980 10790496 11243720
1981 10796288 11249512
1982 10803528 11255304
1983 10806424 11261096
1984 10813664 11266888
1985 10820904 11272680
1986 10825248 11278472
1987 10832488 11285712
1988 10838280 11291504
1989 10844072 11298744
1990 10849864 11304536
1991 10857104 11310328
1992 10861448 11314672
1993 10867240 11321912
1994 10873032 11329152
1995 10878824 11334944
1996 10884616 11337840
1997 10890408 11346528
1998 10899096 11349424
1999 10904888 11358112
2000 10910680 11363904
2001 10913576 11369696
2002 10920816 11375488
2003 10928056 11381280
2004 10935296 11387072
2005 10938192 11392864
2006 10945432 11400104
2007 10951224 11405896
2008 10958464 11411688
2009 10962808 11417480
2010 10968600 11421824
2011 10974392 11427616
2012 10981632 11436304
2013 10987424 11439200
2014 10993216 11446440
2015 10999008 11452232
2016 11004800 11459472
2017 11010592 11465264
2018 11016384 11471056
2019 11022176 11476848
2020 11029416 11481192
2021 11036656 11489880
2022 11042448 11494224
2023 11048240 11501464
2024 11051136 11508704
2025 11058376 11511600
2026 11065616 11517392
2027 11071408 11523184
2028 11077200 11528976
2029 11082992 11537664
2030 11088784 11540560
2031 11094576 11547800
2032 11100368 11553592
2033 11106160 11559384
2034 11111952 11566624
2035 11117744 11573864
2036 11124984 11579656
2037 11130776 11585448
2038 11136568 11591240
2039 11143808 11595584
2040 11149600 11601376
2041 11153944 11607168
2042 11159736 11614408
2043 11166976 11618752
2044 11174216 11625992
2045 11177112 11631784
2046 11184352 11639024
2047 11190144 11641920
2048 11195936 11649160
2049 11201728 11654952
2050 11207520 11662192
2051 11216208 11667984
2052 11222000 11675224
2053 11224896 11681016
2054 11232136 11686808
2055 11237928 11692600
2056 11243720 11696944
2057 11249512 11704184
2058 11255304 11709976
2059 11261096 11715768
2060 11269784 11721560
2061 11274128 11727352
2062 11281368 11733144
2063 11287160 11738936
2064 11292952 11744728
2065 11298744 11750520
2066 11304536 11759208
2067 11310328 11763552
2068 11316120 11769344
2069 11321912 11775136
2070 11327704 11780928
2071 11334944 11786720
2072 11339288 11793960
2073 11347976 11801200
2074 11350872 11804096
2075 11359560 11809888
2076 11365352 11818576
2077 11371144 11821472
2078 11376936 11830160
2079 11382728 11835952
2080 11388520 11841744
2081 11394312 11847536
2082 11400104 11853328
2083 11405896 11859120
2084 11411688 11866360
2085 11417480 11872152
2086 11423272 11875048
2087 11429064 11882288
2088 11436304 11888080
2089 11442096 11893872
2090 11444992 11902560
2091 11453680 11905456
2092 11459472 11911248
2093 11466712 11919936
2094 11471056 11925728
2095 11476848 11931520
2096 11484088 11937312
2097 11489880 11943104
2098 11495672 11948896
2099 11501464 11954688
2100 11507256 11960480
2101 11513048 11966272
2102 11520288 11972064
2103 11526080 11979304
2104 11530424 11986544
2105 11536216 11989440
2106 11543456 11995232
2107 11549248 12002472
2108 11555040 12009712
2109 11560832 12015504
2110 11568072 12021296
2111 11573864 12027088
2112 11579656 12032880
2113 11585448 12037224
2114 11591240 12043016
2115 11597032 12051704
2116 11602824 12057496
2117 11608616 12060392
2118 11614408 12069080
2119 11620200 12073424
2120 11625992 12079216
2121 11634680 12086456
2122 11637576 12092248
2123 11643368 12096592
2124 11652056 12103832
2125 11657848 12109624
2126 11663640 12115416
2127 11667984 12121208
2128 11673776 12128448
2129 11682464 12135688
2130 11688256 12138584
2131 11692600 12147272
2132 11699840 12150168
2133 11705632 12160304
2134 11711424 12163200
2135 11715768 12170440
2136 11721560 12176232
2137 11728800 12182024
2138 11734592 12189264
2139 11741832 12192160
2140 11747624 12199400
2141 11751968 12205192
2142 11757760 12212432
2143 11763552 12218224
2144 11769344 12225464
2145 11775136 12228360
2146 11780928 12234152
2147 11788168 12242840
2148 11795408 12245736
2149 11802648 12254424
2150 11805544 12260216
2151 11811336 12266008
2152 11818576 12270352
2153 11825816 12276144
2154 11828712 12283384
2155 11834504 12289176
2156 11841744 12294968
2157 11848984 12302208
2158 11854776 12306552
2159 11862016 12313792
2160 11864912 12321032
2161 11873600 12323928
2162 11876496 12331168
2163 11883736 12336960
2164 11889528 12342752
2165 11895320 12349992
2166 11902560 12352888
2167 11908352 12360128
2168 11914144 12365920
2169 11919936 12373160
2170 11925728 12378952
2171 11931520 12384744
2172 11937312 12390536
2173 11943104 12396328
2174 11948896 12402120
2175 11954688 12407912
2176 11960480 12415152
2177 11966272 12422392
2178 11972064 12425288
2179 11980752 12432528
2180 11985096 12438320
2181 11992336 12444112
2182 11998128 12449904
2183 12003920 12455696
2184 12009712 12464384
2185 12015504 12467280
2186 12021296 12474520
2187 12027088 12480312
2188 12034328 12487552
2189 12040120 12494792
2190 12043016 12500584
2191 12050256 12506376
2192 12056048 12510720
2193 12063288 12516512
2194 12069080 12523752
2195 12074872 12529544
2196 12082112 12535336
2197 12087904 12541128
2198 12093696 12546920
2199 12099488 12554160
2200 12105280 12557056
2201 12111072 12565744
2202 12116864 12571536
2203 12122656 12577328
2204 12128448 12583120
2205 12135688 12587464
2206 12141480 12593256
2207 12145824 12599048
2208 12154512 12606288
2209 12160304 12612080
2210 12166096 12617872
2211 12171888 12623664
2212 12177680 12630904
2213 12182024 12638144
2214 12189264 12641040
2215 12193608 12646832
2216 12202296 12654072
2217 12206640 12659864
2218 12210984 12667104
2219 12219672 12672896
2220 12225464 12678688
2221 12231256 12683032
2222 12238496 12688824
2223 12241392 12696064
2224 12250080 12701856
2225 12255872 12707648
2226 12261664 12711992
2227 12267456 12719232
2228 12273248 12726472
2229 12279040 12733712
2230 12284832 12736608
2231 12289176 12743848
2232 12297864 12749640
2233 12300760 12755432
2234 12308000 12762672
2235 12313792 12768464
2236 12319584 12774256
2237 12325376 12780048
2238 12332616 12787288
2239 12338408 12793080
2240 12344200 12797424
2241 12349992 12803216
2242 12355784 12810456
2243 12363024 12816248
2244 12368816 12822040
2245 12371712 12827832
2246 12381848 12833624
2247 12386192 12839416
2248 12391984 12845208
2249 12397776 12851000
2250 12405016 12856792
2251 12410808 12862584
2252 12415152 12868376
2253 12422392 12874168
2254 12428184 12879960
2255 12433976 12885752
2256 12439768 12894440
2257 12447008 12898784
2258 12452800 12904576
2259 12458592 12910368
2260 12464384 12916160
2261 12470176 12921952
2262 12475968 12930640
2263 12483208 12933536
2264 12486104 12939328
2265 12493344 12946568
2266 12500584 12953808
2267 12506376 12958152
2268 12512168 12963944
2269 12516512 12971184
2270 12525200 12976976
2271 12529544 12982768
2272 12535336 12988560
2273 12541128 12994352
2274 12546920 13000144
2275 12552712 13005936
2276 12558504 13011728
2277 12564296 13017520
2278 12572984 13024760
2279 12578776 13029104
2280 12583120 13034896
2281 12590360 13042136
2282 12596152 13047928
2283 12600496 13053720
2284 12607736 13059512
2285 12613528 13065304
2286 12620768 13071096
2287 12623664 13079784
2288 12630904 13085576
2289 12636696 13091368
2290 12642488 13095712
2291 12648280 13102952
2292 12654072 13110192
2293 12661312 13113088
2294 12668552 13118880
2295 12674344 13126120
2296 12678688 13131912
2297 12684480 13137704
2298 12690272 13144944
2299 12697512 13150736
2300 12704752 13156528
2301 12710544 13163768
2302 12716336 13169560
2303 12722128 13173904
2304 12727920 13179696
2305 12733712 13185488
2306 12739504 13191280
2307 12745296 13197072
2308 12749640 13202864
2309 12755432 13211552
2310 12762672 13214448
2311 12768464 13221688
2312 12774256 13228928
2313 12780048 13234720
2314 12785840 13240512
2315 12791632 13246304
2316 12798872 13252096
2317 12803216 13257888
2318 12810456 13263680
2319 12816248 13269472
2320 12822040 13275264
2321 12827832 13281056
2322 12833624 13286848
2323 12839416 13292640
2324 12846656 13298432
2325 12852448 13305672
2326 12858240 13311464
2327 12864032 13317256
2328 12869824 13323048
2329 12877064 13330288
2330 12882856 13336080
2331 12885752 13341872
2332 12892992 13347664
2333 12898784 13353456
2334 12907472 13359248
2335 12911816 13366488
2336 12919056 13370832
2337 12924848 13376624
2338 12932088 13382416
2339 12934984 13388208
2340 12942224 13396896
2341 12948016 13402688
2342 12955256 13407032
2343 12958152 13412824
2344 12965392 13418616
2345 12971184 13424408
2346 12976976 13431648
2347 12982768 13437440
2348 12991456 13441784
2349 12994352 13450472
2350 13003040 13456264
2351 13008832 13462056
2352 13013176 13467848
2353 13020416 13472192
2354 13026208 13477984
2355 13029104 13483776
2356 13036344 13492464
2357 13043584 13495360
2358 13049376 13502600
2359 13055168 13508392
2360 13060960 13515632
2361 13068200 13521424
2362 13073992 13527216
2363 13079784 13533008
2364 13084128 13537352
2365 13092816 13544592
2366 13095712 13550384
2367 13101504 13556176
2368 13108744 13561968
2369 13114536 13567760
2370 13120328 13573552
2371 13129016 13579344
2372 13131912 13588032
2373 13139152 13593824
2374 13146392 13599616
2375 13149288 13605408
2376 13157976 13609752
2377 13163768 13615544
2378 13171008 13621336
2379 13176800 13627128
2380 13179696 13634368
2381 13186936 13640160
2382 13194176 13645952
2383 13197072 13653192
2384 13204312 13660432
2385 13210104 13663328
2386 13215896 13670568
2387 13223136 13676360
2388 13230376 13683600
2389 13236168 13689392
2390 13241960 13695184
2391 13247752 13698080
2392 13252096 13705320
2393 13259336 13712560
2394 13266576 13718352
2395 13269472 13724144
2396 13276712 13729936
2397 13283952 13735728
2398 13289744 13742968
2399 13296984 13747312
2400 13299880 13753104
2401 13305672 13760344
2402 13311464 13766136
2403 13318704 13771928
2404 13324496 13777720
2405 13330288 13783512
2406 13336080 13789304
2407 13341872 13795096
2408 13349112 13800888
2409 13354904 13806680
2410 13360696 13812472
2411 13366488 13819712
2412 13372280 13825504
2413 13378072 13831296
2414 13383864 13838536
2415 13389656 13841432
2416 13396896 13848672
2417 13402688 13854464
2418 13407032 13860256
2419 13414272 13868944
2420 13420064 13871840
2421 13425856 13880528
2422 13431648 13886320
2423 13438888 13892112
2424 13444680 13895008
2425 13450472 13902248
2426 13454816 13909488
2427 13462056 13913832
2428 13469296 13921072
2429 13472192 13928312
2430 13480880 13934104
2431 13486672 13939896
2432 13492464 13945688
2433 13498256 13951480
2434 13504048 13957272
2435 13509840 13964512
2436 13515632 13967408
2437 13521424 13974648
2438 13527216 13981888
2439 13533008 13987680
2440 13538800 13993472
2441 13544592 13999264
2442 13551832 14005056
2443 13557624 14012296
2444 13563416 14018088
2445 13570656 14023880
2446 13576448 14029672
2447 13582240 14035464
2448 13588032 14038360
2449 13592376 14045600
2450 13601064 14051392
2451 13606856 14058632
2452 13609752 14064424
2453 13616992 14070216
2454 13624232 14076008
2455 13630024 14081800
2456 13635816 14087592
2457 13641608 14094832
2458 13647400 14102072
2459 13653192 14104968
2460 13658984 14112208
2461 13664776 14119448
2462 13670568 14125240
2463 13676360 14129584
2464 13682152 14135376
2465 13687944 14141168
2466 13693736 14148408
2467 13700976 14152752
2468 13706768 14159992
2469 13714008 14167232
2470 13716904 14173024
2471 13724144 14175920
2472 13729936 14183160
2473 13735728 14188952
2474 13744416 14194744
2475 13750208 14203432
2476 13756000 14206328
2477 13761792 14213568
2478 13766136 14220808
2479 13773376 14226600
2480 13779168 14230944
2481 13784960 14236736
2482 13792200 14242528
2483 13797992 14249768
2484 13803784 14255560
2485 13809576 14262800
2486 13815368 14268592
2487 13819712 14274384
2488 13825504 14281624
2489 13834192 14284520
2490 13838536 14290312
2491 13844328 14296104
2492 13850120 14304792
2493 13855912 14310584
2494 13861704 14316376
2495 13867496 14320720
2496 13873288 14327960
2497 13879080 14333752
2498 13884872 14340992
2499 13893560 14343888
2500 13899352 14352576
2501 13905144 14358368
2502 13909488 14362712
2503 13915280 14368504
2504 13921072 14375744
2505 13928312 14381536
2506 13932656 14385880
2507 13939896 14391672
2508 13947136 14400360
2509 13952928 14404704
2510 13955824 14410496
2511 13963064 14416288
2512 13970304 14422080
2513 13976096 14427872
2514 13981888 14433664
2515 13987680 14439456
2516 13993472 14445248
2517 13999264 14452488
2518 14005056 14459728
2519 14013744 14464072
2520 14016640 14471312
2521 14022432 14474208
2522 14029672 14484344
2523 14036912 14490136
2524 14042704 14495928
2525 14048496 14501720
2526 14054288 14506064
2527 14060080 14511856
2528 14065872 14517648
2529 14073112 14524888
2530 14078904 14529232
2531 14084696 14536472
2532 14090488 14542264
2533 14096280 14549504
2534 14102072 14555296
2535 14107864 14561088
2536 14113656 14566880
2537 14119448 14571224
2538 14125240 14577016
2539 14131032 14585704
2540 14138272 14591496
2541 14142616 14597288
2542 14148408 14603080
2543 14157096 14608872
2544 14162888 14614664
2545 14168680 14621904
2546 14174472 14627696
2547 14180264 14633488
2548 14186056 14639280
2549 14190400 14645072
2550 14196192 14647968
2551 14204880 14655208
2552 14210672 14662448
2553 14216464 14668240
2554 14220808 14674032
2555 14226600 14681272
2556 14232392 14687064
2557 14238184 14689960
2558 14243976 14697200
2559 14252664 14704440
2560 14255560 14710232
2561 14262800 14717472
2562 14268592 14720368
2563 14274384 14727608
2564 14280176 14734848
2565 14285968 14740640
2566 14291760 14744984
2567 14297552 14750776
2568 14306240 14756568
2569 14309136 14763808
2570 14317824 14769600
2571 14323616 14775392
2572 14329408 14781184
2573 14335200 14786976
2574 14340992 14794216
2575 14346784 14800008
2576 14352576 14805800
2577 14358368 14811592
2578 14364160 14818832
2579 14369952 14824624
2580 14375744 14831864
2581 14381536 14834760
2582 14388776 14840552
2583 14394568 14847792
2584 14400360 14855032
2585 14406152 14857928
2586 14411944 14863720
2587 14419184 14870960
2588 14424976 14876752
2589 14430768 14883992
2590 14435112 14891232
2591 14442352 14895576
2592 14448144 14901368
2593 14453936 14905712
2594 14459728 14914400
2595 14465520 14920192
2596 14471312 14925984
2597 14477104 14931776
2598 14484344 14937568
2599 14491584 14943360
2600 14497376 14949152
2601 14500272 14954944
2602 14507512 14962184
2603 14514752 14969424
2604 14520544 14972320
2605 14526336 14978112
2606 14532128 14985352
2607 14537920 14991144
2608 14543712 14996936
2609 14549504 15002728
2610 14555296 15008520
2611 14561088 15015760
2612 14568328 15021552
2613 14575568 15027344
2614 14578464 15033136
2615 14585704 15040376
2616 14591496 15043272
2617 14597288 15051960
2618 14604528 15057752
2619 14610320 15064992
2620 14616112 15067888
2621 14620456 15075128
2622 14627696 15080920
2623 14633488 15086712
2624 14639280 15093952
2625 14646520 15096848
2626 14652312 15104088
2627 14658104 15109880
2628 14663896 15117120
2629 14666792 15122912
2630 14674032 15128704
2631 14681272 15134496
2632 14687064 15140288
2633 14694304 15146080
2634 14700096 15153320
2635 14704440 15159112
2636 14710232 15164904
2637 14718920 15170696
2638 14724712 15176488
2639 14730504 15182280
2640 14733400 15186624
2641 14740640 15193864
2642 14747880 15201104
2643 14753672 15204000
2644 14759464 15211240
2645 14765256 15217032
2646 14771048 15222824
2647 14776840 15231512
2648 14784080 15234408
2649 14789872 15240200
2650 14795664 15247440
2651 14801456 15253232
2652 14804352 15259024
2653 14811592 15264816
2654 14818832 15270608
2655 14824624 15277848
2656 14830416 15285088
2657 14836208 15287984
2658 14842000 15296672
2659 14847792 15302464
2660 14853584 15308256
2661 14862272 15314048
2662 14868064 15318392
2663 14873856 15324184
2664 14876752 15329976
2665 14883992 15338664
2666 14889784 15344456
2667 14898472 15350248
2668 14902816 15356040
2669 14908608 15360384
2670 14915848 15369072
2671 14921640 15374864
2672 14927432 15380656
2673 14933224 15383552
2674 14937568 15392240
2675 14943360 15396584
2676 14949152 15403824
2677 14956392 15409616
2678 14962184 15415408
2679 14967976 15419752
2680 14973768 15428440
2681 14979560 15434232
2682 14985352 15437128
2683 14991144 15444368
2684 14996936 15451608
2685 15005624 15455952
2686 15009968 15461744
2687 15015760 15468984
2688 15021552 15476224
2689 15028792 15479120
2690 15034584 15486360
2691 15041824 15492152
2692 15044720 15497944
2693 15050512 15503736
2694 15057752 15510976
2695 15063544 15516768
2696 15070784 15522560
2697 15073680 15528352
2698 15080920 15535592
2699 15089608 15541384
2700 15092504 15547176
2701 15101192 15552968
2702 15106984 15558760
2703 15112776 15566000
2704 15118568 15571792
2705 15124360 15574688
2706 15130152 15581928
2707 15135944 15589168
2708 15141736 15593512
2709 15148976 15602200
2710 15154768 15605096
2711 15160560 15613784
2712 15166352 15619576
2713 15172144 15625368
2714 15177936 15629712
2715 15183728 15635504
2716 15189520 15641296
2717 15195312 15649984
2718 15201104 15652880
2719 15206896 15660120
2720 15212688 15665912
2721 15218480 15671704
2722 15224272 15678944
2723 15230064 15684736
2724 15237304 15690528
2725 15243096 15697768
2726 15248888 15702112
2727 15254680 15709352
2728 15261920 15715144
2729 15267712 15720936
2730 15272056 15726728
2731 15279296 15732520
2732 15285088 15738312
2733 15292328 15744104
2734 15298120 15749896
2735 15303912 15755688
2736 15309704 15761480
2737 15315496 15767272
2738 15322736 15774512
2739 15325632 15780304
2740 15332872 15786096
2741 15338664 15791888
2742 15344456 15797680
2743 15350248 15804920
2744 15357488 15809264
2745 15363280 15815056
2746 15367624 15820848
2747 15374864 15828088
2748 15380656 15832432
2749 15387896 15839672
2750 15393688 15845464
2751 15399480 15851256
2752 15405272 15855600
2753 15411064 15862840
2754 15416856 15870080
2755 15422648 15874424
2756 15429888 15881664
2757 15432784 15887456
2758 15440024 15893248
2759 15447264 15899040
2760 15451608 15906280
2761 15457400 15912072
2762 15463192 15919312
2763 15470432 15922208
2764 15476224 15929448
2765 15482016 15935240
2766 15489256 15941032
2767 15495048 15948272
2768 15500840 15955512
2769 15505184 15958408
2770 15512424 15965648
2771 15518216 15971440
2772 15524008 15978680
2773 15529800 15984472
2774 15535592 15990264
2775 15541384 15996056
2776 15548624 16000299
2777 15554416 16000299
2778 15560208 16000299
2779 15566000 16000299
2780 15571792 16000299
2781 15577584 16000299
2782 15584824 16000299
2783 15587720 16000299
2784 15594960 16000299
2785 15600752 16000299
2786 15606544 16000299
2787 15615232 16000299
2788 15621024 16000299
2789 15626816 16000299
2790 15632608 16000299
2791 15638400 16000299
2792 15644192 16000299
2793 15649984 16000299
2794 15655776 16000299
2795 15663016 16000299
2796 15668808 16000299
2797 15671704 16000299
2798 15680392 16000299
2799 15686184 16000299
2800 15691976 16000299
2801 15699216 16000300
2802 15705008 16000300
2803 15707904 16000300
2804 15716592 16000300
2805 15720936 16000300
2806 15728176 16000300
2807 15733968 16000300
2808 15739760 16000300
2809 15747000 16000300
2810 15749896 16000300
2811 15758584 16000300
2812 15764376 16000300
2813 15770168 16000300
2814 15775960 16000300
2815 15781752 16000300
2816 15787544 16000300
2817 15794784 16000300
2818 15799128 16000300
2819 15804920 16000300
2820 15810712 16000300
2821 15816504 16000300
2822 15823744 16000300
2823 15828088 16000300
2824 15833880 16000300
2825 15839672 16000300
2826 15846912 16000300
2827 15852704 
2828 15858496 
2829 15864288 
2830 15870080 
2831 15875872 
2832 15881664 
2833 15888904 
2834 15893248 
2835 15900488 
2836 15907728 
2837 15914968 
2838 15917864 
2839 15925104 
2840 15930896 
2841 15936688 
2842 15943928 
2843 15946824 
2844 15954064 
2845 15959856 
2846 15967096 
2847 15971440 
2848 15977232 
2849 15985920 
2850 15990264 
2851 15997504 
2852 16000299 
2853 16000299 
2854 16000299 
2855 16000299 
2856 16000299 
2857 16000299 
2858 16000299 
2859 16000299 
2860 16000299 
2861 16000299 
2862 16000299 
2863 16000299 
2864 16000299 
2865 16000299 
2866 16000299 
2867 16000299 
2868 16000299 
2869 16000299 
2870 16000299 
2871 16000299 
2872 16000299 
2873 16000299 
2874 16000299 
2875 16000299 
2876 16000299 
2877 16000300 
2878 16000300 
2879 16000300 
2880 16000300 
2881 16000300 
2882 16000300 
2883 16000300 
2884 16000300 
2885 16000300 
2886 16000300 
2887 16000300 
2888 16000300 
2889 16000300 
2890 16000300 
2891 16000300 
2892 16000300 
2893 16000300 
2894 16000300 
2895 16000300 
2896 16000300 
2897 16000300 
2898 16000300 
2899 16000300 
2900 16000300 
2901 16000300 
